Redshift (z)	distance modulus (m-M)	1-sigma error							
0.015	34.16350389	0.161452857							
0.015	34.11141096	0.21338887							
0.015	34.3797728	0.217348535							
0.015027043	33.9501915	0.178117024							
0.0151	34.52587529	0.213682161							
0.015166	34.10166662	0.215239341							distance modulus
0.0152	34.0169043	0.215071231							(m-M)
0.0152	34.25836979	0.241474862							
0.0153	34.70718573	0.213242896							
0.0154363	33.9409484	0.14869411							
0.016	33.82460889	0.207959703							
0.016	34.17401539	0.221115375							
0.0163	34.45325291	0.212891043							
0.016321	34.01742111	0.204965074							
0.016345641	34.04402778	0.142912931							
0.01645	34.18129629	0.25089656							
0.016559	34.34383381	0.251177496							
0.01673	34.22633717	0.20946467							
0.016743	34.0027278	0.248385126							
0.017173	34.26067146	0.248216009							
0.017227	34.65436995	0.19933718							
0.0173	34.2497348	0.2155085							
0.0173	34.23006604	0.220994474							
0.017605	34.3437957	0.271650645							
0.017931283	34.34982	0.155413941							
0.018315232	34.3717549	0.160464926							
0.0187	35.04829985	0.197196789							
0.0189	34.37470166	0.20957163							
0.0192	34.49156233	0.197091648							
0.0192	34.73667845	0.197842881							
0.019264	34.95261373	0.240633817							
0.0195	34.75691168	0.197526188							
0.019599	34.58521743	0.18469122							
0.020374725	34.65644385	0.14560335							
0.0205	34.61728007	0.191412743							
0.0208	34.79545637	0.201629405							
0.0209	34.7028985	0.194226935							
0.0211	34.66071824	0.188393368							
0.0212	34.84713453	0.191529722							
0.0215	34.93273633	0.187040818							
0.021793	34.97378687	0.232449383							
0.0219	34.84899048	0.188387184							
0.021980006	34.85297336	0.187544764							
0.0221	34.9221291	0.189014756							
0.0221	34.91154976	0.189960683							
0.0224	34.9470872	0.239011369							
0.0229	35.13862607	0.18301804							
0.0229	35.19686717	0.185459075							
0.022971168	35.13388295	0.135640926							
0.023	35.0706425	0.186848385							
0.023208	35.08554272	0.231479605							
0.0233	34.88212867	0.183424685							
0.0233	35.19835742	0.185738575							
0.023536	35.16959909	0.234698202							
0.0239	35.03497414	0.181392417							
0.023953	34.96871038	0.107041197							
0.024	35.17618578	0.195512674							
0.024185299	35.05232428	0.133368622							
0.0242	35.18938058	0.180174916							
0.024314	35.10949506	0.181662706							
0.024525	35.05817066	0.102438504							
0.0247	34.91369283	0.181621012							
0.0248	35.25617751	0.184605303							
0.0249	34.80370708	0.193523924							
0.0251	34.94827524	0.1792227							
0.0255	35.72017314	0.196167302							
0.0256	35.68472179	0.186173892							
0.0259	35.41596869	0.178489659							
0.026	35.38129323	0.183933665							
0.026038	35.36726207	0.108499792							
0.0261	35.36041779	0.192469562							
0.026489	35.4806852	0.19131227							
0.0266	35.32349359	0.177716836							
0.026809197	35.26015054	0.127879596							
0.027342	35.08576569	0.175510836							
0.0275	35.64970591	0.176364689							
0.027568726	35.47547181	0.128117983							
0.0277	35.70500377	0.183298735							
0.027865	35.09337833	0.222426417							
0.0283	35.52026995	0.180124446							
0.028396027	35.54814847	0.125198882							
0.028488	35.34658339	0.223905933							
0.0292	35.99256678	0.174820108							
0.029802137	35.47092171	0.122226818							
0.029955	35.97225783	0.224368552							
0.0303	35.62826135	0.176747386							
0.030529	35.59924572	0.088750664							
0.030604	35.55023776	0.173295444							
0.0308	35.59350422	0.172493084							
0.0308	35.77913624	0.173310005							
0.0308	35.62898081	0.178370444							
0.0309	35.92947288	0.183689296							
0.0312	35.88285856	0.173762463							
0.0312	35.62680976	0.180216697							
0.0315	35.65113634	0.170993524							
0.031528	35.72876878	0.225362489							
0.032	35.58849732	0.173446311							
0.032	35.82669134	0.193104692							
0.0321	35.87036183	0.173741008							
0.0321	35.89599457	0.17384516							
0.0321	35.64807683	0.175025423							
0.032134017	35.37812789	0.12751209							
0.0325	35.81309142	0.170394736							
0.0327	36.09416721	0.169492305							
0.0329	35.94176854	0.170393176							
0.032912371	35.96785202	0.118114324							
0.0334	35.8799403	0.175772733							
0.0335	35.97383254	0.170490252							
0.0336	36.00539455	0.188520474							
0.0337	35.84369332	0.179737454							
0.0341	35.94254084	0.172834592							
0.0341	35.8419047	0.175222462							
0.0341	35.77047476	0.177569141							
0.0345	35.97824448	0.211562474							
0.03572	35.96054064	0.171186987							
0.036	35.8210171	0.16788525							
0.036	36.14629886	0.177000364							
0.036	35.67925968	0.179022122							
0.0362	35.9868706	0.171742204							
0.036457	36.13423313	0.217628588							
0.03648	35.90532197	0.170174953							
0.0366	35.97129065	0.168963688							
0.0377	35.79521443	0.294106561							
0.0393	36.33439501	0.099100528							
0.0402	36.37453308	0.17063735							
0.0406	36.36563513	0.172317345							
0.0421	36.40046503	0.169930417							
0.042233	36.33645955	0.167174042							
0.0423	36.3928259	0.171582197							
0.0425	35.92810181	0.195296013							
0.043718911	36.38656602	0.127214293							
0.044976673	36.55039542	0.108342547							
0.045295	36.64027218	0.164981249							
0.046967335	36.49441345	0.110309142							
0.048392195	36.68583438	0.119215628							
0.048818	36.38201078	0.160299265							
0.048948	36.7315974	0.172547619							
0.0491	36.73013588	0.175843223							
0.049922	36.56697347	0.16230382							
0.050043	36.68236792	0.166828851							
0.0522	36.67431461	0.189117803							
0.052926	36.81769125	0.155755915							
0.05371	36.47643849	0.221700261							
0.0544	36.95443541	0.086095353							
0.0546	36.60955851	0.176655181							
0.056683367	36.96362307	0.110070938							
0.0576	37.08025666	0.161852672							
0.0583	37.05828815	0.168089681							
0.0583	37.03263017	0.206256669							
0.0589	37.11164751	0.165682351							
0.061835765	37.13099448	0.115680071							
0.062668	37.48340935	0.156099435							
0.063864084	37.31594161	0.119614965							
0.0643	37.17550222	0.16600801							
0.0651	37.3066908	0.162808584							
0.066440312	37.37210505	0.117582401							
0.0684	37.73119698	0.170591643							
0.0688	37.48663565	0.198025809							
0.069	37.56604798	0.17616364							
0.070086	37.44673654	0.158466934							
0.074605	37.58811576	0.159770865							
0.075350112	37.58008992	0.102274673							
0.0784	37.68224045	0.087216805							
0.078577	37.48816226	0.155635656							
0.080048144	37.68570934	0.101968492							
0.0843	38.05183112	0.200253645							
0.085689459	37.99741341	0.11636528							
0.085696117	37.99379171	0.117971238							
0.085854644	37.95244412	0.112589853							
0.087589	38.22905705	0.187745679							
0.089019429	37.82845293	0.117432705							
0.092936818	38.14583004	0.118950356							
0.093149403	38.28091373	0.11445383							
0.093908632	38.17282051	0.117952906							
0.100915	38.4567456	0.167333482							
0.102715034	38.48725959	0.119892508							
0.10671234	38.6366669	0.117621429							
0.108638266	38.6505002	0.119489655							
0.113042645	38.55145413	0.119237438							
0.114712621	38.66909512	0.113372328							
0.116348503	38.74613817	0.112296117							
0.117277363	38.74593382	0.113702596							
0.117625329	38.57941851	0.113609963							
0.119671538	38.75553812	0.110740034							
0.1228289	38.7997897	0.121065439							
0.1241	38.8220334	0.111614247							
0.124273529	38.7199869	0.111134859							
0.1244	39.04478851	0.164268688							
0.126473162	38.71046918	0.119200795							
0.126687989	38.91520843	0.123937308							
0.128726735	38.86422531	0.10951334							
0.129278207	38.91800095	0.134402616							
0.1299	38.97918547	0.129444952							
0.141787999	39.27381133	0.119521983							
0.142404652	39.11647725	0.113661194							
0.143705907	39.18577065	0.116311968							
0.1441	38.8360423	0.156777492							
0.144621086	39.29082977	0.112727024							
0.145668547	39.0567157	0.125750126							
0.146290296	39.55900955	0.120248735							
0.147025138	39.30358397	0.111657297							
0.151857895	39.15578836	0.113847312							
0.154632097	39.32395023	0.112047394							
0.155247328	39.31732041	0.115415756							
0.1561	39.22925402	0.084144124							
0.159	39.4163641	0.242628008							
0.159889938	39.35058453	0.114747058							
0.160861855	39.31917589	0.1186449							
0.163795895	39.39456306	0.113134872							
0.170628397	39.47490012	0.116376625							
0.172742231	39.50293614	0.113458016							
0.173910057	39.53194111	0.128967776							
0.177600695	40.07067585	0.124814155							
0.178	39.45479082	0.235746048							
0.179685641	39.72095995	0.11698488							
0.18011978	39.6385777	0.115560255							
0.181	39.68288852	0.227088514							
0.18221824	39.59381884	0.119334464							
0.182548913	39.78402156	0.114083137							
0.183568405	39.7107958	0.123775735							
0.185812447	39.82409758	0.120667757							
0.186	39.71216793	0.189043139							
0.188853175	39.79203749	0.119741861							
0.189706567	39.93956251	0.119682792							
0.19214998	40.03921788	0.121087443							
0.194316512	39.96152004	0.126373845							
0.196716069	39.92441738	0.134983154							
0.20061172	39.85239182	0.132867364							
0.20260868	39.96775926	0.128807331							
0.204979685	40.02450023	0.123526943							
0.205	39.90376943	0.217272004							
0.210938395	39.98393773	0.120818771							
0.211586982	40.56032369	0.159324734							
0.211629598	39.98010475	0.115235181							
0.212548765	40.08759328	0.131576963							
0.213	40.1090412	0.223352611							
0.214568259	40.20184967	0.116987446							
0.215	40.37805767	0.193933998							
0.215543321	40.29652942	0.140207657							
0.216	40.40490894	0.215211775							
0.216	40.5560466	0.244099861							
0.216582822	40.3602717	0.152479839							
0.218	40.07540742	0.222222738							
0.218347445	40.22084984	0.124421503							
0.218585189	40.19909746	0.117113951							
0.228528474	40.25443364	0.122011371							
0.232781107	40.20452909	0.151788368							
0.239	40.25912878	0.20416793							
0.24250468	40.13044655	0.150915057							
0.244378877	40.20193039	0.124309901							
0.248508131	40.27217468	0.125645589							
0.2486	40.61118534	0.154515955							
0.249511055	40.78092433	0.132323047							
0.250667631	40.74560303	0.12097096							
0.251740186	40.54172176	0.118440111							
0.25248606	40.51842108	0.145050196							
0.25549062	40.48594463	0.150967373							
0.256475743	40.6108439	0.156286225							
0.257497888	40.59416459	0.131393591							
0.257740304	40.6514784	0.135891056							
0.258028271	40.64467887	0.137108499							
0.26	40.82336577	0.199851736							
0.260533477	40.80813414	0.148279349							
0.260586108	40.52316768	0.141595052							
0.263	40.63467212	0.134567833							
0.263491027	40.76732261	0.12729308							
0.263647951	40.54817567	0.13982362							
0.26576248	40.49814992	0.124803942							
0.266	40.39070739	0.250227167							
0.269	40.77616173	0.256400639							
0.270434443	40.66898384	0.145477929							
0.271	40.53230207	0.215267001							
0.273454769	40.72715824	0.163668271							
0.274	40.72465065	0.208670921							
0.275440197	40.7433918	0.142941616							
0.277853423	40.83800845	0.168994208							
0.278	40.56624057	0.198452988							
0.278924676	40.76782977	0.130157044							
0.279454733	40.50128437	0.138724733							
0.284	40.83538258	0.206616021							
0.285	40.85424347	0.13659413							
0.286	41.21113084	0.258144621							
0.286618707	41.03840765	0.133800276							
0.288418345	40.84278536	0.149598782							
0.2912	40.83906428	0.146624503							
0.292469756	40.91904865	0.141400627							
0.29558555	41.1370597	0.215064876							
0.297518834	40.77220501	0.205185827							
0.298409274	41.06240023	0.215818596							
0.298777444	41.02935798	0.154536936							
0.300312696	40.84684819	0.151500986							
0.30175503	41.4938105	0.246761481							
0.302	41.31079828	0.27234655							
0.302401621	41.0332001	0.134910116							
0.308580866	40.90762171	0.177652783							
0.309	40.86077465	0.214863256							
0.309	41.17379571	0.235823876							
0.309492645	41.01819247	0.134960171							
0.309547337	41.19255672	0.154012333							
0.312883364	41.01444878	0.139506514							
0.314	41.23196804	0.242363894							
0.316429845	41.39507338	0.192866122							
0.320446989	41.10278514	0.134380311							
0.326396483	40.97230418	0.144388066							
0.329	41.34025673	0.269807401							
0.330512449	41.227939	0.156723683							
0.330634628	41.05225989	0.152699339							
0.331	41.07847005	0.137704767							
0.332	41.2554783	0.239903276							
0.3373	41.29449095	0.137240589							
0.338802609	41.30537188	0.170908368							
0.3396	41.08397338	0.226527941							
0.34	41.21317877	0.22819077							
0.34	41.08004325	0.231193988							
0.3402	41.32809153	0.135546197							
0.341	40.99151386	0.22450432							
0.342	41.38459818	0.214810321							
0.344	41.17287112	0.209772839							
0.346	41.36462686	0.152213246							
0.348	41.5896262	0.217425302							
0.348345021	41.30779153	0.217774889							
0.348583858	41.30094104	0.177371888							
0.352	41.42377935	0.224191541							
0.355	41.34231158	0.201468434							
0.357	41.42552796	0.137721477							
0.357507357	41.3288394	0.202587682							
0.3578	41.43490959	0.136096152							
0.360034212	41.15730044	0.175048187							
0.361934309	41.38445335	0.166441915							
0.363	41.55197569	0.208173297							
0.366602899	41.85985724	0.19840443							
0.368	41.46769524	0.207180967							
0.369	41.63402302	0.152644122							
0.3709	41.6692044	0.154834006							
0.378965802	41.5814889	0.197094008							
0.379662294	41.43306189	0.14721974							
0.380359487	41.65749866	0.217910528							
0.380416514	41.27234053	0.198558434							
0.383	41.6420339	0.251010175							
0.387297107	41.89246533	0.186429866							
0.389288788	41.60262843	0.200867576							
0.391599213	41.5087271	0.171564316							
0.393974478	41.78115342	0.15070732							
0.3965	41.48792079	0.202374999							
0.399	41.48808176	0.292952212							
0.399601335	41.72880031	0.205132434							
0.401	41.69542447	0.229308722							
0.402459619	41.91114676	0.211278494							
0.408319092	41.84029353	0.206369619							
0.41	41.34749333	0.256981142							
0.415	41.87677046	0.141093703							
0.420926821	42.133548	0.202321001							
0.421	42.17962775	0.233773507							
0.422	41.72830946	0.230713846							
0.423	41.56552588	0.243579001							
0.426	41.76157748	0.224920671							
0.429	41.89003881	0.21547139							
0.43	42.18412421	0.148171058							
0.43	41.8109208	0.151082143							
0.436	41.8800162	0.216533947							
0.436	41.9257693	0.22826276							
0.44	42.01064753	0.107484808							
0.449	42.02306835	0.157063021							
0.451	41.79667441	0.143055822							
0.455	42.32393227	0.22962754							
0.46	42.14844961	0.210095498							
0.4607	42.07166655	0.181262455							
0.4627	42.042285	0.147568802							
0.463	41.94775375	0.266464454							
0.468	42.54890374	0.163914771							
0.469	42.35448121	0.283152406							
0.47	42.13455949	0.153239602							
0.475	42.1048814	0.255958317							
0.477	42.05433516	0.183599934							
0.493	42.14691467	0.263957547							
0.495	42.24866337	0.232347966							
0.496	42.21467603	0.15281454							
0.497	42.32455309	0.167980194							
0.497	42.07577382	0.221637713							
0.5043	42.3382007	0.149577507							
0.508	42.19427073	0.231767203							
0.51	41.88068537	0.226762462							
0.511	42.37366047	0.089061755							
0.521	42.18012945	0.160996803							
0.521	42.37824456	0.199332155							
0.522	42.67733035	0.247150869							
0.526	42.40021068	0.166943097							
0.528	42.45434957	0.244290675							
0.532	42.56581566	0.166651053							
0.539	42.22666321	0.241797816							
0.54	42.42462127	0.111551881							
0.54	42.51116352	0.282945442							
0.543	42.47880585	0.098141434							
0.548	42.29629856	0.188370893							
0.55	42.27564705	0.155204642							
0.5516	42.30318373	0.149254873							
0.552	42.51093428	0.103414503							
0.557	42.5570112	0.157456031							
0.564	42.37289175	0.292022401							
0.568	42.70924962	0.289546897							
0.571	42.39916207	0.174223964							
0.581	42.74232334	0.155462518							
0.5817	42.67204061	0.159803369							
0.583	42.40112537	0.28648393							
0.592	42.57732276	0.172394047							
0.603	42.64620471	0.278628903							
0.604	42.52697648	0.15968705							
0.61	42.90496571	0.156248253							
0.612	42.81394094	0.283023415							
0.613	42.99372466	0.16509672							
0.613	42.61670959	0.26021447							
0.619	43.05601864	0.247822482							
0.62	43.0092526	0.169564686							
0.623	42.514524	0.241428135							
0.6268	42.75861262	0.157227805							
0.631	42.88182529	0.23436967							
0.631	42.37738312	0.244974123							
0.633	43.04986353	0.169957138							
0.633	42.20167248	0.259877853							
0.64	42.76424727	0.188809377							
0.64	43.16438069	0.193749017							
0.64	42.92427543	0.280114332							
0.643	43.01126699	0.166369772							
0.645	42.81697317	0.23427313							
0.67	43.14320955	0.209654285							
0.671	42.982007	0.120545528							
0.679	43.45740634	0.195969077							
0.68	42.90403446	0.290951926							
0.687	42.83483512	0.272537782							
0.687	42.99638508	0.285188799							
0.688	43.05398603	0.165777265							
0.691	43.08876693	0.253842245							
0.695	43.21170426	0.205449194							
0.707	43.28242562	0.256253916							
0.71	43.02203881	0.184280955							
0.721	43.17567838	0.187179852							
0.73	43.27699552	0.194894052							
0.735	43.09184035	0.200575809							
0.74	43.2875467	0.198402487							
0.741	43.71725229	0.22328686							
0.75	43.24299869	0.138318458							
0.752	43.30182988	0.207071437							
0.756	43.81399219	0.192775955							
0.772	43.50999383	0.21883477							
0.78	43.60080717	0.171318833							
0.791	43.57688112	0.201343679							
0.799	43.3788294	0.233174228							
0.8	43.71406011	0.215165244							
0.81	43.36989249	0.212685692							
0.811	43.40453602	0.210619526							
0.817	43.65156374	0.210286864							
0.818	43.39289417	0.267558806							
0.821	43.64093879	0.194013592							
0.8218	43.81536396	0.213206984							
0.83	44.05065993	0.208835356							
0.839	43.39806572	0.222124147							
0.84	43.51430438	0.208697053							
0.84	43.87310319	0.222348502							
0.85	43.49425735	0.171796431							
0.854	43.60846429	0.225569906							
0.859	44.0929026	0.296965045							
0.86	43.92166067	0.172411965							
0.868	43.49328741	0.246095165							
0.87	44.2313042	0.27881729							
0.885	44.18433331	0.286230184							
0.905	43.63874001	0.257467547							
0.91	44.30551642	0.267241049							
0.9271	43.94049787	0.286707555							
0.93	43.55242958	0.289918379							
0.935	43.54019724	0.227616538							
0.949	43.44490985	0.284630783							
0.95	43.88415029	0.235845124							
0.95	43.97660751	0.291243769							
0.95	43.63831761	0.297754711							
0.96	43.61321161	0.275514631							
0.97	44.4626017	0.291454456							
0.974	43.83414326	0.17423894							
0.975	44.3337255	0.212780603							
0.978	43.50007216	0.292647302							
1.01	44.91213783	0.333748617							
1.01	44.01247454	0.375672417							
1.017	44.29397077	0.171046154							
1.02	44.3629247	0.220963762							
1.02	44.16406553	0.232339527							
1.03	44.24009336	0.141254203							
1.057	44.1506301	0.238584685							
1.092	44.00784772	0.246511865							
1.11	44.62533585	0.447832633							
1.12	44.51440549	0.224079095							
1.124	44.56751918	0.197263048							
1.14	44.32295709	0.22870103							
1.14	44.19695213	0.368403294							
1.188	44.60764255	0.500544949							
1.19	44.36283166	0.247108114							
1.192	44.4587516	0.200258072							
1.215	45.24652095	0.560317445							
1.23	45.02067572	0.235028401							
1.241	44.58170296	0.478371053							
1.265	44.94411084	0.23546996							
1.3	45.0162581	0.242719168							
1.305	44.74016933	0.259540115							
1.307	45.41074411	0.31469671							
1.315	44.97135777	0.187508839							
1.34	45.06750558	0.275015093							
1.35	44.82706548	0.185705412							
1.37	45.04971335	0.26274845							
1.39	44.87623434	0.250631965							
1.414	44.80376614	0.346181483							
1.37	44.79013248	0.32							
1.39	44.83044953	0.59							
1.551	45.33102411	0.4							
